  0.10000000   0.16104596   0.00939564
  0.13467337   0.16884661   0.01026164
  0.16934673   0.18467509   0.01095216
  0.20402010   0.20385269   0.01151953
  0.23869347   0.22555720   0.01199427
  0.27336683   0.21431384   0.01239611
  0.30804020   0.24740094   0.01273867
  0.34271357   0.22384909   0.01303187
  0.37738693   0.24804941   0.01328321
  0.41206030   0.22610571   0.01349853
  0.44673367   0.23559870   0.01368251
  0.48140704   0.24403304   0.01383894
  0.51608040   0.25634415   0.01397098
  0.55075377   0.28179336   0.01408128
  0.58542714   0.25881790   0.01417209
  0.62010050   0.25286445   0.01424535
  0.65477387   0.26718412   0.01430274
  0.68944724   0.24352964   0.01434574
  0.72412060   0.25994448   0.01437563
  0.75879397   0.26810548   0.01439357
  0.79346734   0.25756887   0.01440059
  0.82814070   0.25935038   0.01439760
  0.86281407   0.26410854   0.01438543
  0.89748744   0.26716300   0.01436483
  0.93216080   0.28459860   0.01433647
  0.96683417   0.28839514   0.01430098
  1.00150754   0.26893352   0.01425892
  1.03618090   0.23861584   0.01421081
  1.07085427   0.26209897   0.01415711
  1.10552764   0.24778814   0.01409827
  1.14020101   0.23985648   0.01403469
  1.17487437   0.26288859   0.01396674
  1.20954774   0.25843775   0.01389476
  1.24422111   0.24752126   0.01381908
  1.27889447   0.24342191   0.01373999
  1.31356784   0.23486661   0.01365777
  1.34824121   0.22029416   0.01357267
  1.38291457   0.22155977   0.01348494
  1.41758794   0.22599030   0.01339479
  1.45226131   0.23433997   0.01330244
  1.48693467   0.24029135   0.01320808
  1.52160804   0.23906339   0.01311190
  1.55628141   0.21794931   0.01301406
  1.59095477   0.24115200   0.01291473
  1.62562814   0.23556813   0.01281405
  1.66030151   0.24655424   0.01271217
  1.69497487   0.21956850   0.01260922
  1.72964824   0.22384043   0.01250533
  1.76432161   0.21531276   0.01240061
  1.79899497   0.22854464   0.01229517
  1.83366834   0.23086562   0.01218911
  1.86834171   0.22151581   0.01208254
  1.90301508   0.24652157   0.01197554
  1.93768844   0.20927855   0.01186820
  1.97236181   0.21408024   0.01176060
  2.00703518   0.18395462   0.01165282
  2.04170854   0.19841205   0.01154493
  2.07638191   0.18095955   0.01143700
  2.11105528   0.19917586   0.01132909
  2.14572864   0.18347341   0.01122125
  2.18040201   0.18861292   0.01111356
  2.21507538   0.18400663   0.01100605
  2.24974874   0.19010560   0.01089878
  2.28442211   0.19987549   0.01079180
  2.31909548   0.20408594   0.01068514
  2.35376884   0.18993304   0.01057886
  2.38844221   0.17740361   0.01047298
  2.42311558   0.18302717   0.01036756
  2.45778894   0.17115154   0.01026261
  2.49246231   0.16739736   0.01015817
  2.52713568   0.16075046   0.01005427
  2.56180905   0.15386818   0.00995094
  2.59648241   0.17013831   0.00984821
  2.63115578   0.17528989   0.00974610
  2.66582915   0.16869785   0.00964463
  2.70050251   0.16461594   0.00954382
  2.73517588   0.16288024   0.00944369
  2.76984925   0.15548420   0.00934427
  2.80452261   0.17616620   0.00924556
  2.83919598   0.15475662   0.00914759
  2.87386935   0.14202355   0.00905036
  2.90854271   0.15018370   0.00895390
  2.94321608   0.14593579   0.00885820
  2.97788945   0.14801833   0.00876330
  3.01256281   0.14381827   0.00866918
  3.04723618   0.13809401   0.00857587
  3.08190955   0.12874248   0.00848337
  3.11658291   0.13787866   0.00839169
  3.15125628   0.12698465   0.00830083
  3.18592965   0.13724690   0.00821081
  3.22060302   0.14362166   0.00812162
  3.25527638   0.15351826   0.00803327
  3.28994975   0.13686251   0.00794577
  3.32462312   0.13422581   0.00785912
  3.35929648   0.13746543   0.00777331
  3.39396985   0.13088094   0.00768836
  3.42864322   0.13575051   0.00760426
  3.46331658   0.12283813   0.00752102
  3.49798995   0.12356212   0.00743863
  3.53266332   0.11612074   0.00735709
  3.56733668   0.11382062   0.00727641
  3.60201005   0.11346565   0.00719659
  3.63668342   0.12195172   0.00711761
  3.67135678   0.11509646   0.00703949
  3.70603015   0.10029493   0.00696222
  3.74070352   0.12411577   0.00688579
  3.77537688   0.11447567   0.00681021
  3.81005025   0.09812171   0.00673547
  3.84472362   0.10454958   0.00666156
  3.87939698   0.10695538   0.00658850
  3.91407035   0.09915334   0.00651626
  3.94874372   0.10202864   0.00644485
  3.98341709   0.10346175   0.00637426
  4.01809045   0.10642244   0.00630449
  4.05276382   0.08976808   0.00623554
  4.08743719   0.09080909   0.00616740
  4.12211055   0.09189363   0.00610006
  4.15678392   0.09551788   0.00603352
  4.19145729   0.10119822   0.00596777
  4.22613065   0.10330286   0.00590281
  4.26080402   0.09491834   0.00583864
  4.29547739   0.09401145   0.00577525
  4.33015075   0.08725382   0.00571263
  4.36482412   0.08626825   0.00565077
  4.39949749   0.08113816   0.00558968
  4.43417085   0.08713119   0.00552934
  4.46884422   0.08998125   0.00546975
  4.50351759   0.08904733   0.00541090
  4.53819095   0.07938372   0.00535279
  4.57286432   0.08087499   0.00529541
  4.60753769   0.08189629   0.00523875
  4.64221106   0.07463024   0.00518281
  4.67688442   0.07754614   0.00512758
  4.71155779   0.07708072   0.00507305
  4.74623116   0.07681813   0.00501923
  4.78090452   0.07008003   0.00496609
  4.81557789   0.07870282   0.00491365
  4.85025126   0.07579456   0.00486188
  4.88492462   0.05859293   0.00481078
  4.91959799   0.06382416   0.00476034
  4.95427136   0.06649421   0.00471057
  4.98894472   0.05766615   0.00466145
  5.02361809   0.07330808   0.00461297
  5.05829146   0.06618497   0.00456513
  5.09296482   0.06709612   0.00451793
  5.12763819   0.05819406   0.00447135
  5.16231156   0.06319682   0.00442539
  5.19698492   0.06885024   0.00438004
  5.23165829   0.06367062   0.00433530
  5.26633166   0.06304106   0.00429115
  5.30100503   0.06133204   0.00424761
  5.33567839   0.05766438   0.00420464
  5.37035176   0.05244774   0.00416226
  5.40502513   0.06506130   0.00412045
  5.43969849   0.04988282   0.00407921
  5.47437186   0.05643332   0.00403853
  5.50904523   0.05534915   0.00399840
  5.54371859   0.06120017   0.00395882
  5.57839196   0.05094540   0.00391978
  5.61306533   0.05714092   0.00388128
  5.64773869   0.04875235   0.00384331
  5.68241206   0.05073190   0.00380586
  5.71708543   0.05204033   0.00376892
  5.75175879   0.04492798   0.00373250
  5.78643216   0.05001531   0.00369658
  5.82110553   0.05348582   0.00366116
  5.85577889   0.04666367   0.00362623
  5.89045226   0.05497574   0.00359179
  5.92512563   0.04257059   0.00355783
  5.95979899   0.05412578   0.00352435
  5.99447236   0.04358504   0.00349133
  6.02914573   0.04393233   0.00345878
  6.06381910   0.03921851   0.00342669
  6.09849246   0.03509300   0.00339504
  6.13316583   0.04002632   0.00336385
  6.16783920   0.04243991   0.00333309
  6.20251256   0.04261052   0.00330277
  6.23718593   0.03379313   0.00327288
  6.27185930   0.03245058   0.00324341
  6.30653266   0.03670083   0.00321437
  6.34120603   0.03767501   0.00318573
  6.37587940   0.04459766   0.00315751
  6.41055276   0.03544088   0.00312968
  6.44522613   0.03644417   0.00310226
  6.47989950   0.03823598   0.00307522
  6.51457286   0.03318604   0.00304858
  6.54924623   0.03089173   0.00302232
  6.58391960   0.02897447   0.00299643
  6.61859296   0.03672587   0.00297092
  6.65326633   0.03416175   0.00294578
  6.68793970   0.03704343   0.00292099
  6.72261307   0.03043281   0.00289657
  6.75728643   0.03416482   0.00287250
  6.79195980   0.03663101   0.00284878
  6.82663317   0.03202612   0.00282540
  6.86130653   0.02991448   0.00280237
  6.89597990   0.02493394   0.00277966
  6.93065327   0.03237854   0.00275729
  6.96532663   0.03039180   0.00273525
  7.00000000   0.02596905   0.00271352
